 PDE 1994 06 09 00 33 16.40   36.0000   25.0000 637.0 6.9 6.8 NORTHERN BOLIVIA
event name:          060994A
time shift:          29.0000
half duration:       10.0000
latitude:            15.0000
longitude:           15.0000
depth:              200.0000
Mrr:            1.000000E+23
Mtt:            0.000000E+00
Mpp:            0.000000E+00
Mrt:            0.000000E+00
Mrp:            0.000000E+00
Mtp:            0.000000E+00
