 PDEW2018  1 23  9 31 40.90  56.0000 -149.1700  14.1 0.0 7.9 GULF OF ALASKA
event name:     201801230931A
time shift:     23.0700
half duration:  22.3000
latitude:       56.2200
longitude:    -149.1200
depth:          33.6100
Mrr:       2.360000e+27
Mtt:      -4.850000e+27
Mpp:       2.500000e+27
Mrt:       1.940000e+27
Mrp:      -3.620000e+27
Mtp:       7.910000e+27