 PDE 1994 06 09 00 33 16.40   36.0000   25.0000 637.0 6.9 6.8 NORTHERN BOLIVIA
event name:          060994A
time shift:          29.0000
half duration:       10.0000
latitude:           -24.6024
longitude:          -70.4798
depth:		     15.0000
Mrr:           -7.590000E+26
Mtt:            7.750000E+26
Mpp:           -1.600000E+25
Mrt:           -2.503000E+27
Mrp:            4.200000E+25
Mtp:           -2.480000E+26