CMT 2024 10 10  9 44 43.80 -47.5100   99.9000  12.0 5.5 5.5 C202410100944A
event name:  C202410100944A
time shift:      10.0000
half duration:   20.0000
latitude:       -47.5100
longitude:       99.9000
depth:           12.0000
Mrr:       -1.150000e+23
Mtt:        2.010000e+24
Mpp:       -1.900000e+24
Mrt:        1.540000e+23
Mrp:        8.000000e+22
Mtp:        8.360000e+23
